|| (  0, -6) ||
|| (  0,  4) || minus chunk size * 2
|| =================================================================================================
|| =================================================================================================
|| (  0, -5) ||
|| [  0,  0] || minus chunk size * 1
|| =================================================================================================
|| (  0, -4) ||
|| [  0,  1] ||
|| =================================================================================================
|| (  0, -3) ||
|| [  0,  2] ||
|| =================================================================================================
|| (  0, -2) || (  1, -2) ||
|| [  0,  3] || [  1,  3] ||
|| =================================================================================================
|| (  0, -1) || (  1, -1) ||
|| [  0,  4] || [  1,  4] ||
|| =================================================================================================
|| =================================================================================================
|| (  0,  0) || (  1,  0) ||
|| [  0,  0] || [  1,  1] ||